0.11 0.12 0.21 0.22 0.51 0.52 0.53 1.04 1.54 2.04
0.15 0.16 0.24 0.23 0.52 0.58 0.57 1.01 1.51 2.01
0.19 0.18 0.28 0.29 0.59 0.55 0.54 1.08 1.58 2.08
0.10 0.16 0.26 0.27 0.57 0.56 0.59 1.09 1.59 2.09 
2.10 2.11 1.22 1.12 1.35 0.35 0.25 1.40 1.45 2.04
0.11 0.12 0.21 0.22 0.51 0.52 0.53 1.04 1.54 2.04
0.15 0.16 0.24 0.23 0.52 0.58 0.57 1.01 1.51 2.01
0.19 0.18 0.28 0.29 0.59 0.55 0.54 1.08 1.58 2.08
0.10 0.16 0.26 0.27 0.57 0.56 0.59 1.09 1.59 2.09 
2.10 2.11 1.22 1.12 1.35 0.35 0.25 1.40 1.45 2.04
0.11 0.12 0.21 0.22 0.51 0.52 0.53 1.04 1.54 2.04
0.15 0.16 0.24 0.23 0.52 0.58 0.57 1.01 1.51 2.01
0.19 0.18 0.28 0.29 0.59 0.55 0.54 1.08 1.58 2.08
0.10 0.16 0.26 0.27 0.57 0.56 0.59 1.09 1.59 2.09 
2.10 2.11 1.22 1.12 1.35 0.35 0.25 1.40 1.45 2.04
0.11 0.12 0.21 0.22 0.51 0.52 0.53 1.04 1.54 2.04
0.15 0.16 0.24 0.23 0.52 0.58 0.57 1.01 1.51 2.01
0.19 0.18 0.28 0.29 0.59 0.55 0.54 1.08 1.58 2.08
0.10 0.16 0.26 0.27 0.57 0.56 0.59 1.09 1.59 2.09 
2.10 2.11 1.22 1.12 1.35 0.35 0.25 1.40 1.45 2.04
0.11 0.12 0.21 0.22 0.51 0.52 0.53 1.04 1.54 2.04
0.15 0.16 0.24 0.23 0.52 0.58 0.57 1.01 1.51 2.01
0.19 0.18 0.28 0.29 0.59 0.55 0.54 1.08 1.58 2.08
0.10 0.16 0.26 0.27 0.57 0.56 0.59 1.09 1.59 2.09 
2.10 2.11 1.22 1.12 1.35 0.35 0.25 1.40 1.45 2.04